7
0 6 5 14 42 35 10 
6 0 21 16 10 46 33 
5 21 0 31 21 23 6 
14 16 31 0 41 50 12 
42 10 21 41 0 2 10 
35 46 23 50 2 0 24 
10 33 6 12 10 24 0 